





= = = = = = = = = = = = = = = = = = = = = = = = = = = = = = = = = = =
SIMILARITY MATRIX WITH WUP
                                                                                                                                                                                                                  
                                                                                                                                                                                                                  
                                                                                                                                                                                                                  
                 B     B     B     B     B     B     B     B     B     B     B     B     B     B     B     B     E     E     E     E     E     E     E     E     E     E     E     E     E     E     E     E     E
                 r     r     r     r     r     r     r     r     r     r     r     r     r     r     r     r     g     g     g     g     g     g     g     g     g     g     g     g     g     g     g     g     g
                 o     o     o     o     o     o     o     o     o     o     o     o     o     o     o     o     g     g     g     g     g     g     g     g     g     g     g     g     g     g     g     g     g
                 _     _     _     _     _     _     _     _     _     _     _     _     _     _     _     _     _     _     _     _     _     _     _     _     _     _     _     _     _     _     _     _     _
                 S     S     S     S     S     S     S     S     S     S     S     S     S     S     S     S     S     S     S     S     S     S     S     S     S     S     S     S     S     S     S     S     S
                 0     0     0     0     1     1     1     1     1     1     1     1     2     2     2     2     0     0     0     0     1     1     1     1     1     1     1     1     2     2     5     5     5
                 6     7     8     9     0     2     3     4     6     7     8     9     0     2     3     4     6     7     8     9     1     2     3     4     5     6     7     9     0     5     3     4     5

   Bro_S06    1.00  0.85  0.83  0.82  0.88  0.85  0.69  0.75  0.79  0.78  0.87  0.85  0.77  0.84  0.79  0.77  0.60  0.66  0.60  0.60  0.57  0.58  0.57  0.58  0.59  0.55  0.59  0.63  0.58  0.64  0.60  0.63  0.61
   Bro_S07    0.85  1.00  0.81  0.84  0.89  0.84  0.72  0.77  0.78  0.77  0.86  0.81  0.76  0.85  0.79  0.79  0.59  0.65  0.59  0.59  0.56  0.56  0.58  0.58  0.59  0.56  0.58  0.63  0.58  0.63  0.60  0.63  0.60
   Bro_S08    0.83  0.81  1.00  0.79  0.83  0.80  0.74  0.76  0.76  0.85  0.82  0.79  0.76  0.80  0.79  0.74  0.62  0.63  0.62  0.61  0.59  0.57  0.57  0.57  0.61  0.55  0.61  0.61  0.58  0.61  0.62  0.62  0.60
   Bro_S09    0.82  0.84  0.79  1.00  0.84  0.84  0.73  0.77  0.77  0.78  0.83  0.85  0.81  0.89  0.82  0.78  0.59  0.63  0.58  0.58  0.56  0.57  0.57  0.56  0.58  0.55  0.58  0.61  0.57  0.61  0.59  0.62  0.59
   Bro_S10    0.88  0.89  0.83  0.84  1.00  0.87  0.74  0.75  0.80  0.79  0.88  0.83  0.75  0.86  0.78  0.78  0.59  0.64  0.59  0.59  0.56  0.57  0.57  0.57  0.58  0.55  0.57  0.62  0.57  0.62  0.59  0.63  0.60
   Bro_S12    0.85  0.84  0.80  0.84  0.87  1.00  0.73  0.75  0.80  0.76  0.85  0.83  0.80  0.87  0.80  0.79  0.62  0.65  0.59  0.59  0.57  0.58  0.57  0.57  0.58  0.55  0.59  0.62  0.58  0.62  0.60  0.63  0.60
   Bro_S13    0.69  0.72  0.74  0.73  0.74  0.73  1.00  0.71  0.76  0.78  0.75  0.71  0.74  0.71  0.73  0.74  0.59  0.60  0.58  0.59  0.56  0.56  0.57  0.56  0.57  0.55  0.57  0.58  0.57  0.58  0.59  0.59  0.59
   Bro_S14    0.75  0.77  0.76  0.77  0.75  0.75  0.71  1.00  0.76  0.77  0.80  0.76  0.73  0.76  0.74  0.76  0.60  0.60  0.57  0.58  0.55  0.55  0.56  0.55  0.57  0.53  0.56  0.58  0.55  0.58  0.56  0.57  0.57
   Bro_S16    0.79  0.78  0.76  0.77  0.80  0.80  0.76  0.76  1.00  0.79  0.81  0.77  0.75  0.80  0.74  0.78  0.59  0.63  0.59  0.58  0.55  0.57  0.57  0.57  0.58  0.55  0.57  0.61  0.57  0.61  0.59  0.61  0.61
   Bro_S17    0.78  0.77  0.85  0.78  0.79  0.76  0.78  0.77  0.79  1.00  0.80  0.78  0.78  0.77  0.81  0.73  0.62  0.63  0.62  0.62  0.60  0.58  0.58  0.58  0.63  0.55  0.62  0.61  0.58  0.61  0.63  0.63  0.61
   Bro_S18    0.87  0.86  0.82  0.83  0.88  0.85  0.75  0.80  0.81  0.80  1.00  0.84  0.79  0.85  0.80  0.79  0.60  0.65  0.60  0.59  0.58  0.59  0.58  0.58  0.59  0.56  0.59  0.63  0.58  0.63  0.60  0.63  0.60
   Bro_S19    0.85  0.81  0.79  0.85  0.83  0.83  0.71  0.76  0.77  0.78  0.84  1.00  0.79  0.86  0.84  0.77  0.60  0.64  0.59  0.59  0.56  0.58  0.57  0.57  0.58  0.55  0.58  0.62  0.57  0.62  0.59  0.63  0.60
   Bro_S20    0.77  0.76  0.76  0.81  0.75  0.80  0.74  0.73  0.75  0.78  0.79  0.79  1.00  0.80  0.81  0.79  0.60  0.64  0.62  0.61  0.60  0.59  0.58  0.58  0.60  0.56  0.60  0.61  0.58  0.60  0.63  0.61  0.59
   Bro_S22    0.84  0.85  0.80  0.89  0.86  0.87  0.71  0.76  0.80  0.77  0.85  0.86  0.80  1.00  0.83  0.76  0.59  0.64  0.59  0.58  0.56  0.57  0.57  0.57  0.58  0.55  0.58  0.61  0.57  0.62  0.59  0.62  0.60
   Bro_S23    0.79  0.79  0.79  0.82  0.78  0.80  0.73  0.74  0.74  0.81  0.80  0.84  0.81  0.83  1.00  0.77  0.60  0.62  0.62  0.61  0.58  0.58  0.57  0.58  0.62  0.55  0.61  0.61  0.57  0.60  0.62  0.62  0.60
   Bro_S24    0.77  0.79  0.74  0.78  0.78  0.79  0.74  0.76  0.78  0.73  0.79  0.77  0.79  0.76  0.77  1.00  0.59  0.64  0.59  0.59  0.56  0.56  0.58  0.58  0.58  0.55  0.59  0.62  0.58  0.62  0.61  0.63  0.60
   Egg_S06    0.60  0.59  0.62  0.59  0.59  0.62  0.59  0.60  0.59  0.62  0.60  0.60  0.60  0.59  0.60  0.59  1.00  0.69  0.71  0.70  0.70  0.77  0.60  0.68  0.73  0.62  0.71  0.66  0.66  0.70  0.65  0.62  0.62
   Egg_S07    0.66  0.65  0.63  0.63  0.64  0.65  0.60  0.60  0.63  0.63  0.65  0.64  0.64  0.64  0.62  0.64  0.69  1.00  0.71  0.72  0.70  0.67  0.65  0.75  0.74  0.66  0.70  0.77  0.68  0.79  0.70  0.74  0.70
   Egg_S08    0.60  0.59  0.62  0.58  0.59  0.59  0.58  0.57  0.59  0.62  0.60  0.59  0.62  0.59  0.62  0.59  0.71  0.71  1.00  0.77  0.86  0.69  0.63  0.67  0.86  0.63  0.86  0.81  0.66  0.76  0.75  0.70  0.71
   Egg_S09    0.60  0.59  0.61  0.58  0.59  0.59  0.59  0.58  0.58  0.62  0.59  0.59  0.61  0.58  0.61  0.59  0.70  0.72  0.77  1.00  0.79  0.69  0.59  0.66  0.82  0.65  0.79  0.73  0.67  0.78  0.74  0.68  0.67
   Egg_S11    0.57  0.56  0.59  0.56  0.56  0.57  0.56  0.55  0.55  0.60  0.58  0.56  0.60  0.56  0.58  0.56  0.70  0.70  0.86  0.79  1.00  0.71  0.60  0.65  0.91  0.63  0.86  0.78  0.64  0.77  0.71  0.67  0.68
   Egg_S12    0.58  0.56  0.57  0.57  0.57  0.58  0.56  0.55  0.57  0.58  0.59  0.58  0.59  0.57  0.58  0.56  0.77  0.67  0.69  0.69  0.71  1.00  0.62  0.69  0.71  0.66  0.68  0.66  0.67  0.73  0.65  0.62  0.63
   Egg_S13    0.57  0.58  0.57  0.57  0.57  0.57  0.57  0.56  0.57  0.58  0.58  0.57  0.58  0.57  0.57  0.58  0.60  0.65  0.63  0.59  0.60  0.62  1.00  0.67  0.63  0.63  0.64  0.64  0.64  0.63  0.62  0.65  0.62
   Egg_S14    0.58  0.58  0.57  0.56  0.57  0.57  0.56  0.55  0.57  0.58  0.58  0.57  0.58  0.57  0.58  0.58  0.68  0.75  0.67  0.66  0.65  0.69  0.67  1.00  0.67  0.70  0.65  0.69  0.75  0.67  0.64  0.67  0.66
   Egg_S15    0.59  0.59  0.61  0.58  0.58  0.58  0.57  0.57  0.58  0.63  0.59  0.58  0.60  0.58  0.62  0.58  0.73  0.74  0.86  0.82  0.91  0.71  0.63  0.67  1.00  0.62  0.86  0.79  0.61  0.82  0.76  0.71  0.69
   Egg_S16    0.55  0.56  0.55  0.55  0.55  0.55  0.55  0.53  0.55  0.55  0.56  0.55  0.56  0.55  0.55  0.55  0.62  0.66  0.63  0.65  0.63  0.66  0.63  0.70  0.62  1.00  0.63  0.65  0.73  0.64  0.59  0.60  0.59
   Egg_S17    0.59  0.58  0.61  0.58  0.57  0.59  0.57  0.56  0.57  0.62  0.59  0.58  0.60  0.58  0.61  0.59  0.71  0.70  0.86  0.79  0.86  0.68  0.64  0.65  0.86  0.63  1.00  0.77  0.65  0.75  0.76  0.73  0.70
   Egg_S19    0.63  0.63  0.61  0.61  0.62  0.62  0.58  0.58  0.61  0.61  0.63  0.62  0.61  0.61  0.61  0.62  0.66  0.77  0.81  0.73  0.78  0.66  0.64  0.69  0.79  0.65  0.77  1.00  0.68  0.78  0.69  0.72  0.71
   Egg_S20    0.58  0.58  0.58  0.57  0.57  0.58  0.57  0.55  0.57  0.58  0.58  0.57  0.58  0.57  0.57  0.58  0.66  0.68  0.66  0.67  0.64  0.67  0.64  0.75  0.61  0.73  0.65  0.68  1.00  0.64  0.64  0.64  0.61
   Egg_S25    0.64  0.63  0.61  0.61  0.62  0.62  0.58  0.58  0.61  0.61  0.63  0.62  0.60  0.62  0.60  0.62  0.70  0.79  0.76  0.78  0.77  0.73  0.63  0.67  0.82  0.64  0.75  0.78  0.64  1.00  0.72  0.71  0.70
   Egg_S53    0.60  0.60  0.62  0.59  0.59  0.60  0.59  0.56  0.59  0.63  0.60  0.59  0.63  0.59  0.62  0.61  0.65  0.70  0.75  0.74  0.71  0.65  0.62  0.64  0.76  0.59  0.76  0.69  0.64  0.72  1.00  0.72  0.75
   Egg_S54    0.63  0.63  0.62  0.62  0.63  0.63  0.59  0.57  0.61  0.63  0.63  0.63  0.61  0.62  0.62  0.63  0.62  0.74  0.70  0.68  0.67  0.62  0.65  0.67  0.71  0.60  0.73  0.72  0.64  0.71  0.72  1.00  0.78
   Egg_S55    0.61  0.60  0.60  0.59  0.60  0.60  0.59  0.57  0.61  0.61  0.60  0.60  0.59  0.60  0.60  0.60  0.62  0.70  0.71  0.67  0.68  0.63  0.62  0.66  0.69  0.59  0.70  0.71  0.61  0.70  0.75  0.78  1.00

Computation time: 11.724 sec